CIDErTest5: 0.538794
Bleu_4Test5: 0.167566
Bleu_3Test5: 0.260719
Bleu_2Test5: 0.404034
Bleu_1Test5: 0.599163
ROUGE_LTest5: 0.433640
METEORTest5: 0.188409
CIDErTest40: 0.569290
Bleu_4Test40: 0.358393
Bleu_3Test40: 0.486952
Bleu_2Test40: 0.636805
Bleu_1Test40: 0.786452
ROUGE_LTest40: 0.555757
METEORTest40: 0.252172